SampleIndex,CAN_H_V,CAN_L_V
0,3.500000,1.500000
1,3.500000,1.500000
2,2.500000,2.500000
3,3.500000,1.500000
4,3.500000,1.500000
5,3.500000,1.500000
6,2.500000,2.500000
7,2.500000,2.500000
8,2.500000,2.500000
9,2.500000,2.500000
10,2.500000,2.500000
11,3.500000,1.500000
12,2.500000,2.500000
13,2.500000,2.500000
14,2.500000,2.500000
15,3.500000,1.500000
16,2.500000,2.500000
17,2.500000,2.500000
18,3.500000,1.500000
19,2.500000,2.500000
20,3.500000,1.500000
21,3.500000,1.500000
22,3.500000,1.500000
23,3.500000,1.500000
24,3.500000,1.500000
25,2.500000,2.500000
26,3.500000,1.500000
27,3.500000,1.500000
28,3.500000,1.500000
29,3.500000,1.500000
30,2.500000,2.500000
31,3.500000,1.500000
32,3.500000,1.500000
33,3.500000,1.500000
34,2.500000,2.500000
35,3.500000,1.500000
36,2.500000,2.500000
37,3.500000,1.500000
38,3.500000,1.500000
39,3.500000,1.500000
40,2.500000,2.500000
41,2.500000,2.500000
42,2.500000,2.500000
43,2.500000,2.500000
44,2.500000,2.500000
45,2.500000,2.500000
46,2.500000,2.500000
47,2.500000,2.500000
48,2.500000,2.500000
49,2.500000,2.500000
50,2.500000,2.500000
51,3.500000,1.500000
52,2.500000,2.500000
53,2.500000,2.500000
54,2.500000,2.500000
55,2.500000,2.500000
56,2.500000,2.500000
57,3.500000,1.500000
58,2.500000,2.500000
59,3.500000,1.500000
60,2.500000,2.500000
61,2.500000,2.500000
62,2.500000,2.500000
63,2.500000,2.500000
64,2.500000,2.500000
65,3.500000,1.500000
66,3.500000,1.500000
67,2.500000,2.500000
68,2.500000,2.500000
69,2.500000,2.500000
70,2.500000,2.500000
71,3.500000,1.500000
72,2.500000,2.500000
73,2.500000,2.500000
74,2.500000,2.500000
75,2.500000,2.500000
76,2.500000,2.500000
77,3.500000,1.500000
78,2.500000,2.500000
79,3.500000,1.500000
80,3.500000,1.500000
81,3.500000,1.500000
82,2.500000,2.500000
83,2.500000,2.500000
84,2.500000,2.500000
85,2.500000,2.500000
86,2.500000,2.500000
87,3.500000,1.500000
88,2.500000,2.500000
89,2.500000,2.500000
90,2.500000,2.500000
91,2.500000,2.500000
92,2.500000,2.500000
93,3.500000,1.500000
94,2.500000,2.500000
95,2.500000,2.500000
96,2.500000,2.500000
97,2.500000,2.500000
98,2.500000,2.500000
99,3.500000,1.500000
100,2.500000,2.500000
101,2.500000,2.500000
102,2.500000,2.500000
103,2.500000,2.500000
104,2.500000,2.500000
105,3.500000,1.500000
106,2.500000,2.500000
107,2.500000,2.500000
108,2.500000,2.500000
109,2.500000,2.500000
110,2.500000,2.500000
111,3.500000,1.500000
112,2.500000,2.500000
113,2.500000,2.500000
114,2.500000,2.500000
115,3.500000,1.500000
116,3.500000,1.500000
117,2.500000,2.500000
118,3.500000,1.500000
119,2.500000,2.500000
120,3.500000,1.500000
121,3.500000,1.500000
122,3.500000,1.500000
123,3.500000,1.500000
124,2.500000,2.500000
125,3.500000,1.500000
126,2.500000,2.500000
127,3.500000,1.500000
128,2.500000,2.500000
129,2.500000,2.500000
130,2.500000,2.500000
131,3.500000,1.500000
132,2.500000,2.500000
133,2.500000,2.500000
134,2.500000,2.500000
135,2.500000,2.500000
136,2.500000,2.500000
137,3.500000,1.500000
138,2.500000,2.500000
139,2.500000,2.500000
140,2.500000,2.500000
141,2.500000,2.500000
142,2.500000,2.500000
143,3.500000,1.500000
144,2.500000,2.500000
145,3.500000,1.500000
146,2.500000,2.500000
147,2.500000,2.500000
148,3.500000,1.500000
149,3.500000,1.500000
150,3.500000,1.500000
151,2.500000,2.500000
152,2.500000,2.500000
153,2.500000,2.500000
154,2.500000,2.500000
155,2.500000,2.500000
156,3.500000,1.500000
157,2.500000,2.500000
158,2.500000,2.500000
159,2.500000,2.500000
160,3.500000,1.500000
161,2.500000,2.500000
162,2.500000,2.500000
163,3.500000,1.500000
164,3.500000,1.500000
165,2.500000,2.500000
166,3.500000,1.500000
167,2.500000,2.500000
168,2.500000,2.500000
169,2.500000,2.500000
170,3.500000,1.500000
171,3.500000,1.500000
172,3.500000,1.500000
173,3.500000,1.500000
174,2.500000,2.500000
175,3.500000,1.500000
176,3.500000,1.500000
177,3.500000,1.500000
178,2.500000,2.500000
179,3.500000,1.500000
180,2.500000,2.500000
181,3.500000,1.500000
182,3.500000,1.500000
183,3.500000,1.500000
184,2.500000,2.500000
185,2.500000,2.500000
186,2.500000,2.500000
187,2.500000,2.500000
188,2.500000,2.500000
189,3.500000,1.500000
190,2.500000,2.500000
191,2.500000,2.500000
192,2.500000,2.500000
193,2.500000,2.500000
194,2.500000,2.500000
195,3.500000,1.500000
196,2.500000,2.500000
197,2.500000,2.500000
198,2.500000,2.500000
199,2.500000,2.500000
200,2.500000,2.500000
201,3.500000,1.500000
202,2.500000,2.500000
203,2.500000,2.500000
204,2.500000,2.500000
205,2.500000,2.500000
206,2.500000,2.500000
207,3.500000,1.500000
208,2.500000,2.500000
209,2.500000,2.500000
210,2.500000,2.500000
211,2.500000,2.500000
212,2.500000,2.500000
213,3.500000,1.500000
214,2.500000,2.500000
215,2.500000,2.500000
216,2.500000,2.500000
217,2.500000,2.500000
218,2.500000,2.500000
219,3.500000,1.500000
220,2.500000,2.500000
221,2.500000,2.500000
222,2.500000,2.500000
223,2.500000,2.500000
224,2.500000,2.500000
225,3.500000,1.500000
226,2.500000,2.500000
227,2.500000,2.500000
228,2.500000,2.500000
229,2.500000,2.500000
230,2.500000,2.500000
231,3.500000,1.500000
232,2.500000,2.500000
233,2.500000,2.500000
234,2.500000,2.500000
235,2.500000,2.500000
236,2.500000,2.500000
237,3.500000,1.500000
238,3.500000,1.500000
239,2.500000,2.500000
240,2.500000,2.500000
241,2.500000,2.500000
242,2.500000,2.500000
243,3.500000,1.500000
244,2.500000,2.500000
245,2.500000,2.500000
246,2.500000,2.500000
247,2.500000,2.500000
248,2.500000,2.500000
249,3.500000,1.500000
250,2.500000,2.500000
251,2.500000,2.500000
252,2.500000,2.500000
253,2.500000,2.500000
254,2.500000,2.500000
255,3.500000,1.500000
256,2.500000,2.500000
257,2.500000,2.500000
258,2.500000,2.500000
259,2.500000,2.500000
260,3.500000,1.500000
261,2.500000,2.500000
262,2.500000,2.500000
263,2.500000,2.500000
264,3.500000,1.500000
265,2.500000,2.500000
266,3.500000,1.500000
267,3.500000,1.500000
268,2.500000,2.500000
269,3.500000,1.500000
270,3.500000,1.500000
271,3.500000,1.500000
272,3.500000,1.500000
273,2.500000,2.500000
274,3.500000,1.500000
275,2.500000,2.500000
276,3.500000,1.500000
277,2.500000,2.500000
278,2.500000,2.500000
279,2.500000,2.500000
280,2.500000,2.500000
281,2.500000,2.500000
282,3.500000,1.500000
283,2.500000,2.500000
284,2.500000,2.500000
285,2.500000,2.500000
286,2.500000,2.500000
287,2.500000,2.500000
288,3.500000,1.500000
289,2.500000,2.500000
290,3.500000,1.500000
291,3.500000,1.500000
292,2.500000,2.500000
293,3.500000,1.500000
294,3.500000,1.500000
295,3.500000,1.500000
296,2.500000,2.500000
297,2.500000,2.500000
298,2.500000,2.500000
299,2.500000,2.500000
300,2.500000,2.500000
301,3.500000,1.500000
302,2.500000,2.500000
303,2.500000,2.500000
304,2.500000,2.500000
305,3.500000,1.500000
306,2.500000,2.500000
307,2.500000,2.500000
308,3.500000,1.500000
309,2.500000,2.500000
310,3.500000,1.500000
311,2.500000,2.500000
312,3.500000,1.500000
313,3.500000,1.500000
314,3.500000,1.500000
315,3.500000,1.500000
316,3.500000,1.500000
317,2.500000,2.500000
318,3.500000,1.500000
319,3.500000,1.500000
320,2.500000,2.500000
321,3.500000,1.500000
322,3.500000,1.500000
323,3.500000,1.500000
324,2.500000,2.500000
325,3.500000,1.500000
326,2.500000,2.500000
327,3.500000,1.500000
328,3.500000,1.500000
329,3.500000,1.500000
330,2.500000,2.500000
331,2.500000,2.500000
332,3.500000,1.500000
333,2.500000,2.500000
334,2.500000,2.500000
335,2.500000,2.500000
336,2.500000,2.500000
337,2.500000,2.500000
338,3.500000,1.500000
339,2.500000,2.500000
340,2.500000,2.500000
341,2.500000,2.500000
342,2.500000,2.500000
343,2.500000,2.500000
344,3.500000,1.500000
345,2.500000,2.500000
346,2.500000,2.500000
347,3.500000,1.500000
348,2.500000,2.500000
349,2.500000,2.500000
350,2.500000,2.500000
351,2.500000,2.500000
352,2.500000,2.500000
353,3.500000,1.500000
354,2.500000,2.500000
355,2.500000,2.500000
356,2.500000,2.500000
357,3.500000,1.500000
358,3.500000,1.500000
359,3.500000,1.500000
360,3.500000,1.500000
361,3.500000,1.500000
362,2.500000,2.500000
363,3.500000,1.500000
364,3.500000,1.500000
365,3.500000,1.500000
366,2.500000,2.500000
367,2.500000,2.500000
368,2.500000,2.500000
369,2.500000,2.500000
370,3.500000,1.500000
371,3.500000,1.500000
372,3.500000,1.500000
373,3.500000,1.500000
374,2.500000,2.500000
375,2.500000,2.500000
376,2.500000,2.500000
377,2.500000,2.500000
378,2.500000,2.500000
379,3.500000,1.500000
380,2.500000,2.500000
381,2.500000,2.500000
382,2.500000,2.500000
383,2.500000,2.500000
384,2.500000,2.500000
385,3.500000,1.500000
386,2.500000,2.500000
387,2.500000,2.500000
388,2.500000,2.500000
389,2.500000,2.500000
390,2.500000,2.500000
391,2.500000,2.500000
392,2.500000,2.500000
393,2.500000,2.500000
394,2.500000,2.500000
395,2.500000,2.500000
396,2.500000,2.500000
397,3.500000,1.500000
398,2.500000,2.500000
399,2.500000,2.500000
400,2.500000,2.500000
401,2.500000,2.500000
402,3.500000,1.500000
403,3.500000,1.500000
404,3.500000,1.500000
405,2.500000,2.500000
406,3.500000,1.500000
407,3.500000,1.500000
408,3.500000,1.500000
409,2.500000,2.500000
410,2.500000,2.500000
411,3.500000,1.500000
412,2.500000,2.500000
413,3.500000,1.500000
414,2.500000,2.500000
415,3.500000,1.500000
416,2.500000,2.500000
417,2.500000,2.500000
418,3.500000,1.500000
419,2.500000,2.500000
420,2.500000,2.500000
421,2.500000,2.500000
422,2.500000,2.500000
423,2.500000,2.500000
424,3.500000,1.500000
425,2.500000,2.500000
426,2.500000,2.500000
427,2.500000,2.500000
428,2.500000,2.500000
429,2.500000,2.500000
430,3.500000,1.500000
431,2.500000,2.500000
432,3.500000,1.500000
433,3.500000,1.500000
434,2.500000,2.500000
435,3.500000,1.500000
436,3.500000,1.500000
437,3.500000,1.500000
438,2.500000,2.500000
439,2.500000,2.500000
440,2.500000,2.500000
441,2.500000,2.500000
442,2.500000,2.500000
443,3.500000,1.500000
444,2.500000,2.500000
445,2.500000,2.500000
446,2.500000,2.500000
447,3.500000,1.500000
448,2.500000,2.500000
449,2.500000,2.500000
450,3.500000,1.500000
451,2.500000,2.500000
452,3.500000,1.500000
453,3.500000,1.500000
454,3.500000,1.500000
455,3.500000,1.500000
456,3.500000,1.500000
457,2.500000,2.500000
458,3.500000,1.500000
459,3.500000,1.500000
460,3.500000,1.500000
461,3.500000,1.500000
462,2.500000,2.500000
463,3.500000,1.500000
464,3.500000,1.500000
465,3.500000,1.500000
466,2.500000,2.500000
467,3.500000,1.500000
468,2.500000,2.500000
469,3.500000,1.500000
470,3.500000,1.500000
471,3.500000,1.500000
472,2.500000,2.500000
473,2.500000,2.500000
474,2.500000,2.500000
475,2.500000,2.500000
476,2.500000,2.500000
477,3.500000,1.500000
478,2.500000,2.500000
479,2.500000,2.500000
480,2.500000,2.500000
481,2.500000,2.500000
482,2.500000,2.500000
483,3.500000,1.500000
484,2.500000,2.500000
485,2.500000,2.500000
486,2.500000,2.500000
487,2.500000,2.500000
488,2.500000,2.500000
489,3.500000,1.500000
490,2.500000,2.500000
491,2.500000,2.500000
492,3.500000,1.500000
493,2.500000,2.500000
494,2.500000,2.500000
495,2.500000,2.500000
496,2.500000,2.500000
497,2.500000,2.500000
498,3.500000,1.500000
499,2.500000,2.500000
500,2.500000,2.500000
501,2.500000,2.500000
502,2.500000,2.500000
503,2.500000,2.500000
504,3.500000,1.500000
505,2.500000,2.500000
506,2.500000,2.500000
507,2.500000,2.500000
508,2.500000,2.500000
509,2.500000,2.500000
510,3.500000,1.500000
511,3.500000,1.500000
512,3.500000,1.500000
513,3.500000,1.500000
514,2.500000,2.500000
515,2.500000,2.500000
516,2.500000,2.500000
517,2.500000,2.500000
518,2.500000,2.500000
519,3.500000,1.500000
520,2.500000,2.500000
521,2.500000,2.500000
522,2.500000,2.500000
523,2.500000,2.500000
524,2.500000,2.500000
525,3.500000,1.500000
526,2.500000,2.500000
527,2.500000,2.500000
528,2.500000,2.500000
529,2.500000,2.500000
530,2.500000,2.500000
531,3.500000,1.500000
532,2.500000,2.500000
533,2.500000,2.500000
534,2.500000,2.500000
535,2.500000,2.500000
536,2.500000,2.500000
537,2.500000,2.500000
538,2.500000,2.500000
539,2.500000,2.500000
540,2.500000,2.500000
541,2.500000,2.500000
542,2.500000,2.500000
543,3.500000,1.500000
544,2.500000,2.500000
545,2.500000,2.500000
546,2.500000,2.500000
547,3.500000,1.500000
548,3.500000,1.500000
549,2.500000,2.500000
550,3.500000,1.500000
551,2.500000,2.500000
552,3.500000,1.500000
553,3.500000,1.500000
554,3.500000,1.500000
555,3.500000,1.500000
556,2.500000,2.500000
557,3.500000,1.500000
558,3.500000,1.500000
559,3.500000,1.500000
560,3.500000,1.500000
561,3.500000,1.500000
562,2.500000,2.500000
563,2.500000,2.500000
564,3.500000,1.500000
565,2.500000,2.500000
566,2.500000,2.500000
567,2.500000,2.500000
568,2.500000,2.500000
569,2.500000,2.500000
570,3.500000,1.500000
571,2.500000,2.500000
572,2.500000,2.500000
573,2.500000,2.500000
574,2.500000,2.500000
575,2.500000,2.500000
576,3.500000,1.500000
577,2.500000,2.500000
578,3.500000,1.500000
579,2.500000,2.500000
580,3.500000,1.500000
581,2.500000,2.500000
582,3.500000,1.500000
583,3.500000,1.500000
584,2.500000,2.500000
585,2.500000,2.500000
586,2.500000,2.500000
587,2.500000,2.500000
588,2.500000,2.500000
589,3.500000,1.500000
590,2.500000,2.500000
591,2.500000,2.500000
592,2.500000,2.500000
593,3.500000,1.500000
594,2.500000,2.500000
595,2.500000,2.500000
596,3.500000,1.500000
597,3.500000,1.500000
598,2.500000,2.500000
599,3.500000,1.500000
600,3.500000,1.500000
601,2.500000,2.500000
602,2.500000,2.500000
603,2.500000,2.500000
604,3.500000,1.500000
605,3.500000,1.500000
606,3.500000,1.500000
607,2.500000,2.500000
608,3.500000,1.500000
609,3.500000,1.500000
610,3.500000,1.500000
611,2.500000,2.500000
612,3.500000,1.500000
613,2.500000,2.500000
614,3.500000,1.500000
615,3.500000,1.500000
616,3.500000,1.500000
617,2.500000,2.500000
618,2.500000,2.500000
619,2.500000,2.500000
620,2.500000,2.500000
621,2.500000,2.500000
622,3.500000,1.500000
623,2.500000,2.500000
624,2.500000,2.500000
625,2.500000,2.500000
626,2.500000,2.500000
627,2.500000,2.500000
628,3.500000,1.500000
629,2.500000,2.500000
630,2.500000,2.500000
631,2.500000,2.500000
632,2.500000,2.500000
633,2.500000,2.500000
634,3.500000,1.500000
635,2.500000,2.500000
636,2.500000,2.500000
637,2.500000,2.500000
638,2.500000,2.500000
639,2.500000,2.500000
640,3.500000,1.500000
641,2.500000,2.500000
642,2.500000,2.500000
643,2.500000,2.500000
644,2.500000,2.500000
645,2.500000,2.500000
646,3.500000,1.500000
647,2.500000,2.500000
648,2.500000,2.500000
649,2.500000,2.500000
650,2.500000,2.500000
651,2.500000,2.500000
652,3.500000,1.500000
653,2.500000,2.500000
654,2.500000,2.500000
655,2.500000,2.500000
656,2.500000,2.500000
657,2.500000,2.500000
658,3.500000,1.500000
659,2.500000,2.500000
660,2.500000,2.500000
661,2.500000,2.500000
662,2.500000,2.500000
663,2.500000,2.500000
664,3.500000,1.500000
665,2.500000,2.500000
666,2.500000,2.500000
667,2.500000,2.500000
668,2.500000,2.500000
669,2.500000,2.500000
670,3.500000,1.500000
671,2.500000,2.500000
672,2.500000,2.500000
673,2.500000,2.500000
674,2.500000,2.500000
675,2.500000,2.500000
676,3.500000,1.500000
677,2.500000,2.500000
678,2.500000,2.500000
679,2.500000,2.500000
680,2.500000,2.500000
681,2.500000,2.500000
682,3.500000,1.500000
683,2.500000,2.500000
684,2.500000,2.500000
685,2.500000,2.500000
686,2.500000,2.500000
687,2.500000,2.500000
688,3.500000,1.500000
689,2.500000,2.500000
690,2.500000,2.500000
691,2.500000,2.500000
692,2.500000,2.500000
693,3.500000,1.500000
694,2.500000,2.500000
695,3.500000,1.500000
696,2.500000,2.500000
697,3.500000,1.500000
698,2.500000,2.500000
699,3.500000,1.500000
700,3.500000,1.500000
701,2.500000,2.500000
702,2.500000,2.500000
703,2.500000,2.500000
704,2.500000,2.500000
705,2.500000,2.500000
706,3.500000,1.500000
707,3.500000,1.500000
708,3.500000,1.500000
709,2.500000,2.500000
710,3.500000,1.500000
711,2.500000,2.500000
712,2.500000,2.500000
713,2.500000,2.500000
714,2.500000,2.500000
715,2.500000,2.500000
716,3.500000,1.500000
717,2.500000,2.500000
718,2.500000,2.500000
719,2.500000,2.500000
720,2.500000,2.500000
721,2.500000,2.500000
722,3.500000,1.500000
723,2.500000,2.500000
724,3.500000,1.500000
725,3.500000,1.500000
726,2.500000,2.500000
727,3.500000,1.500000
728,3.500000,1.500000
729,3.500000,1.500000
730,2.500000,2.500000
731,2.500000,2.500000
732,2.500000,2.500000
733,2.500000,2.500000
734,2.500000,2.500000
735,3.500000,1.500000
736,2.500000,2.500000
737,2.500000,2.500000
738,2.500000,2.500000
739,3.500000,1.500000
740,3.500000,1.500000
741,2.500000,2.500000
742,3.500000,1.500000
743,2.500000,2.500000
744,3.500000,1.500000
745,2.500000,2.500000
746,3.500000,1.500000
747,3.500000,1.500000
748,3.500000,1.500000
749,3.500000,1.500000
750,3.500000,1.500000
751,2.500000,2.500000
752,3.500000,1.500000
753,3.500000,1.500000
754,2.500000,2.500000
755,3.500000,1.500000
756,3.500000,1.500000
757,3.500000,1.500000
758,2.500000,2.500000
759,3.500000,1.500000
760,2.500000,2.500000
761,3.500000,1.500000
762,3.500000,1.500000
763,3.500000,1.500000
764,3.500000,1.500000
765,3.500000,1.500000
766,2.500000,2.500000
767,2.500000,2.500000
768,2.500000,2.500000
769,3.500000,1.500000
770,3.500000,1.500000
771,3.500000,1.500000
772,3.500000,1.500000
773,2.500000,2.500000
774,2.500000,2.500000
775,2.500000,2.500000
776,2.500000,2.500000
777,3.500000,1.500000
778,3.500000,1.500000
779,3.500000,1.500000
780,3.500000,1.500000
781,2.500000,2.500000
782,2.500000,2.500000
783,2.500000,2.500000
784,2.500000,2.500000
785,2.500000,2.500000
786,3.500000,1.500000
787,2.500000,2.500000
788,2.500000,2.500000
789,2.500000,2.500000
790,3.500000,1.500000
791,3.500000,1.500000
792,3.500000,1.500000
793,3.500000,1.500000
794,3.500000,1.500000
795,2.500000,2.500000
796,3.500000,1.500000
797,3.500000,1.500000
798,3.500000,1.500000
799,2.500000,2.500000
800,2.500000,2.500000
801,2.500000,2.500000
802,2.500000,2.500000
803,3.500000,1.500000
804,3.500000,1.500000
805,3.500000,1.500000
806,3.500000,1.500000
807,2.500000,2.500000
808,2.500000,2.500000
809,2.500000,2.500000
810,2.500000,2.500000
811,2.500000,2.500000
812,3.500000,1.500000
813,2.500000,2.500000
814,2.500000,2.500000
815,2.500000,2.500000
816,2.500000,2.500000
817,2.500000,2.500000
818,3.500000,1.500000
819,2.500000,2.500000
820,2.500000,2.500000
821,2.500000,2.500000
822,2.500000,2.500000
823,2.500000,2.500000
824,3.500000,1.500000
825,2.500000,2.500000
826,2.500000,2.500000
827,2.500000,2.500000
828,2.500000,2.500000
829,2.500000,2.500000
830,3.500000,1.500000
831,2.500000,2.500000
832,2.500000,2.500000
833,2.500000,2.500000
834,2.500000,2.500000
835,3.500000,1.500000
836,3.500000,1.500000
837,2.500000,2.500000
838,2.500000,2.500000
839,2.500000,2.500000
840,3.500000,1.500000
841,2.500000,2.500000
842,3.500000,1.500000
843,3.500000,1.500000
844,3.500000,1.500000
845,2.500000,2.500000
846,3.500000,1.500000
847,2.500000,2.500000
848,3.500000,1.500000
849,3.500000,1.500000
850,2.500000,2.500000
851,3.500000,1.500000
852,2.500000,2.500000
853,2.500000,2.500000
854,2.500000,2.500000
855,2.500000,2.500000
856,2.500000,2.500000
857,3.500000,1.500000
858,2.500000,2.500000
859,2.500000,2.500000
860,2.500000,2.500000
861,2.500000,2.500000
862,2.500000,2.500000
863,3.500000,1.500000
864,2.500000,2.500000
865,3.500000,1.500000
866,2.500000,2.500000
867,2.500000,2.500000
868,3.500000,1.500000
869,3.500000,1.500000
870,3.500000,1.500000
871,2.500000,2.500000
872,2.500000,2.500000
873,2.500000,2.500000
874,2.500000,2.500000
875,2.500000,2.500000
876,3.500000,1.500000
877,2.500000,2.500000
878,2.500000,2.500000
879,2.500000,2.500000
880,3.500000,1.500000
881,2.500000,2.500000
882,2.500000,2.500000
883,3.500000,1.500000
884,3.500000,1.500000
885,3.500000,1.500000
886,3.500000,1.500000
887,2.500000,2.500000
888,2.500000,2.500000
889,2.500000,2.500000
890,2.500000,2.500000
891,3.500000,1.500000
892,3.500000,1.500000
893,3.500000,1.500000
894,2.500000,2.500000
895,3.500000,1.500000
896,3.500000,1.500000
897,3.500000,1.500000
898,2.500000,2.500000
899,3.500000,1.500000
900,2.500000,2.500000
901,3.500000,1.500000
902,3.500000,1.500000
903,3.500000,1.500000
904,2.500000,2.500000
905,2.500000,2.500000
906,2.500000,2.500000
907,2.500000,2.500000
908,2.500000,2.500000
909,3.500000,1.500000
910,2.500000,2.500000
911,2.500000,2.500000
912,2.500000,2.500000
913,3.500000,1.500000
914,2.500000,2.500000
915,2.500000,2.500000
916,2.500000,2.500000
917,2.500000,2.500000
918,2.500000,2.500000
919,3.500000,1.500000
920,2.500000,2.500000
921,3.500000,1.500000
922,3.500000,1.500000
923,3.500000,1.500000
924,2.500000,2.500000
925,2.500000,2.500000
926,2.500000,2.500000
927,2.500000,2.500000
928,2.500000,2.500000
929,3.500000,1.500000
930,2.500000,2.500000
931,2.500000,2.500000
932,2.500000,2.500000
933,2.500000,2.500000
934,2.500000,2.500000
935,3.500000,1.500000
936,2.500000,2.500000
937,3.500000,1.500000
938,3.500000,1.500000
939,3.500000,1.500000
940,3.500000,1.500000
941,3.500000,1.500000
942,2.500000,2.500000
943,2.500000,2.500000
944,3.500000,1.500000
945,2.500000,2.500000
946,3.500000,1.500000
947,2.500000,2.500000
948,3.500000,1.500000
949,3.500000,1.500000
950,3.500000,1.500000
951,3.500000,1.500000
952,2.500000,2.500000
953,3.500000,1.500000
954,2.500000,2.500000
955,3.500000,1.500000
956,2.500000,2.500000
957,2.500000,2.500000
958,2.500000,2.500000
959,2.500000,2.500000
960,2.500000,2.500000
961,3.500000,1.500000
962,2.500000,2.500000
963,2.500000,2.500000
964,3.500000,1.500000
965,2.500000,2.500000
966,2.500000,2.500000
967,2.500000,2.500000
968,2.500000,2.500000
969,2.500000,2.500000
970,3.500000,1.500000
971,2.500000,2.500000
972,2.500000,2.500000
973,2.500000,2.500000
974,2.500000,2.500000
975,3.500000,1.500000
976,3.500000,1.500000
977,2.500000,2.500000
978,2.500000,2.500000
979,2.500000,2.500000
980,3.500000,1.500000
981,2.500000,2.500000
982,3.500000,1.500000
983,3.500000,1.500000
984,3.500000,1.500000
985,2.500000,2.500000
986,3.500000,1.500000
987,2.500000,2.500000
988,2.500000,2.500000
989,3.500000,1.500000
990,2.500000,2.500000
991,3.500000,1.500000
992,2.500000,2.500000
993,2.500000,2.500000
994,2.500000,2.500000
995,2.500000,2.500000
996,2.500000,2.500000
997,3.500000,1.500000
998,2.500000,2.500000
999,2.500000,2.500000
1000,2.500000,2.500000
1001,2.500000,2.500000
1002,2.500000,2.500000
1003,3.500000,1.500000
1004,2.500000,2.500000
1005,3.500000,1.500000
1006,2.500000,2.500000
1007,2.500000,2.500000
1008,3.500000,1.500000
1009,3.500000,1.500000
1010,3.500000,1.500000
1011,2.500000,2.500000
1012,2.500000,2.500000
1013,2.500000,2.500000
1014,2.500000,2.500000
1015,2.500000,2.500000
1016,3.500000,1.500000
1017,2.500000,2.500000
1018,2.500000,2.500000
1019,2.500000,2.500000
1020,3.500000,1.500000
1021,2.500000,2.500000
1022,2.500000,2.500000
1023,3.500000,1.500000
1024,2.500000,2.500000
1025,3.500000,1.500000
1026,3.500000,1.500000
1027,2.500000,2.500000
1028,2.500000,2.500000
1029,2.500000,2.500000
1030,2.500000,2.500000
1031,3.500000,1.500000
1032,3.500000,1.500000
1033,3.500000,1.500000
1034,2.500000,2.500000
1035,3.500000,1.500000
1036,3.500000,1.500000
1037,3.500000,1.500000
1038,2.500000,2.500000
1039,3.500000,1.500000
1040,2.500000,2.500000
1041,3.500000,1.500000
1042,3.500000,1.500000
1043,3.500000,1.500000
1044,2.500000,2.500000
1045,2.500000,2.500000
1046,2.500000,2.500000
1047,2.500000,2.500000
1048,2.500000,2.500000
1049,3.500000,1.500000
1050,2.500000,2.500000
1051,2.500000,2.500000
1052,2.500000,2.500000
1053,2.500000,2.500000
1054,2.500000,2.500000
1055,3.500000,1.500000
1056,2.500000,2.500000
1057,2.500000,2.500000
1058,2.500000,2.500000
1059,2.500000,2.500000
1060,2.500000,2.500000
1061,3.500000,1.500000
1062,3.500000,1.500000
1063,2.500000,2.500000
1064,2.500000,2.500000
1065,2.500000,2.500000
1066,2.500000,2.500000
1067,3.500000,1.500000
1068,2.500000,2.500000
1069,2.500000,2.500000
1070,2.500000,2.500000
1071,2.500000,2.500000
1072,2.500000,2.500000
1073,3.500000,1.500000
1074,2.500000,2.500000
1075,2.500000,2.500000
1076,2.500000,2.500000
1077,2.500000,2.500000
1078,2.500000,2.500000
1079,3.500000,1.500000
1080,3.500000,1.500000
1081,2.500000,2.500000
1082,2.500000,2.500000
1083,2.500000,2.500000
1084,2.500000,2.500000
1085,3.500000,1.500000
1086,2.500000,2.500000
1087,2.500000,2.500000
1088,2.500000,2.500000
1089,2.500000,2.500000
1090,2.500000,2.500000
1091,3.500000,1.500000
1092,2.500000,2.500000
1093,3.500000,1.500000
1094,3.500000,1.500000
1095,3.500000,1.500000
1096,3.500000,1.500000
1097,2.500000,2.500000
1098,2.500000,2.500000
1099,2.500000,2.500000
1100,2.500000,2.500000
1101,2.500000,2.500000
1102,3.500000,1.500000
1103,2.500000,2.500000
1104,2.500000,2.500000
1105,2.500000,2.500000
1106,2.500000,2.500000
1107,2.500000,2.500000
1108,3.500000,1.500000
1109,2.500000,2.500000
1110,2.500000,2.500000
1111,2.500000,2.500000
1112,2.500000,2.500000
1113,2.500000,2.500000
1114,3.500000,1.500000
1115,2.500000,2.500000
1116,2.500000,2.500000
1117,2.500000,2.500000
1118,2.500000,2.500000
1119,3.500000,1.500000
1120,2.500000,2.500000
1121,3.500000,1.500000
1122,3.500000,1.500000
1123,2.500000,2.500000
1124,3.500000,1.500000
1125,3.500000,1.500000
1126,2.500000,2.500000
1127,2.500000,2.500000
1128,3.500000,1.500000
1129,2.500000,2.500000
1130,3.500000,1.500000
1131,2.500000,2.500000
1132,3.500000,1.500000
1133,2.500000,2.500000
1134,2.500000,2.500000
1135,3.500000,1.500000
1136,2.500000,2.500000
1137,2.500000,2.500000
1138,2.500000,2.500000
1139,2.500000,2.500000
1140,2.500000,2.500000
1141,2.500000,2.500000
1142,2.500000,2.500000
1143,2.500000,2.500000
1144,2.500000,2.500000
1145,2.500000,2.500000
1146,2.500000,2.500000
1147,3.500000,1.500000
1148,2.500000,2.500000
1149,3.500000,1.500000
1150,2.500000,2.500000
1151,2.500000,2.500000
1152,3.500000,1.500000
1153,3.500000,1.500000
1154,3.500000,1.500000
1155,2.500000,2.500000
1156,2.500000,2.500000
1157,2.500000,2.500000
1158,2.500000,2.500000
1159,2.500000,2.500000
1160,3.500000,1.500000
1161,2.500000,2.500000
1162,2.500000,2.500000
1163,2.500000,2.500000
1164,3.500000,1.500000
1165,2.500000,2.500000
1166,3.500000,1.500000
1167,2.500000,2.500000
1168,2.500000,2.500000
1169,2.500000,2.500000
1170,2.500000,2.500000
1171,3.500000,1.500000
1172,3.500000,1.500000
1173,2.500000,2.500000
1174,2.500000,2.500000
1175,3.500000,1.500000
1176,3.500000,1.500000
1177,3.500000,1.500000
1178,2.500000,2.500000
1179,3.500000,1.500000
1180,3.500000,1.500000
1181,3.500000,1.500000
1182,2.500000,2.500000
1183,3.500000,1.500000
1184,2.500000,2.500000
1185,3.500000,1.500000
1186,3.500000,1.500000
1187,3.500000,1.500000
1188,2.500000,2.500000
1189,2.500000,2.500000
1190,2.500000,2.500000
1191,2.500000,2.500000
1192,2.500000,2.500000
1193,3.500000,1.500000
1194,2.500000,2.500000
1195,2.500000,2.500000
1196,2.500000,2.500000
1197,2.500000,2.500000
1198,2.500000,2.500000
1199,3.500000,1.500000
1200,2.500000,2.500000
1201,2.500000,2.500000
1202,2.500000,2.500000
1203,2.500000,2.500000
1204,2.500000,2.500000
1205,3.500000,1.500000
1206,2.500000,2.500000
1207,2.500000,2.500000
1208,2.500000,2.500000
1209,2.500000,2.500000
1210,2.500000,2.500000
1211,3.500000,1.500000
1212,2.500000,2.500000
1213,2.500000,2.500000
1214,2.500000,2.500000
1215,2.500000,2.500000
1216,2.500000,2.500000
1217,2.500000,2.500000
1218,2.500000,2.500000
1219,2.500000,2.500000
1220,2.500000,2.500000
1221,2.500000,2.500000
1222,2.500000,2.500000
1223,3.500000,1.500000
1224,2.500000,2.500000
1225,2.500000,2.500000
1226,2.500000,2.500000
1227,2.500000,2.500000
1228,2.500000,2.500000
1229,3.500000,1.500000
1230,2.500000,2.500000
1231,2.500000,2.500000
1232,2.500000,2.500000
1233,2.500000,2.500000
1234,2.500000,2.500000
1235,3.500000,1.500000
1236,2.500000,2.500000
1237,2.500000,2.500000
1238,2.500000,2.500000
1239,2.500000,2.500000
1240,2.500000,2.500000
1241,3.500000,1.500000
1242,2.500000,2.500000
1243,2.500000,2.500000
1244,2.500000,2.500000
1245,2.500000,2.500000
1246,2.500000,2.500000
1247,3.500000,1.500000
1248,2.500000,2.500000
1249,2.500000,2.500000
1250,2.500000,2.500000
1251,2.500000,2.500000
1252,2.500000,2.500000
1253,3.500000,1.500000
1254,2.500000,2.500000
1255,2.500000,2.500000
1256,2.500000,2.500000
1257,2.500000,2.500000
1258,2.500000,2.500000
1259,3.500000,1.500000
1260,2.500000,2.500000
1261,2.500000,2.500000
1262,2.500000,2.500000
1263,2.500000,2.500000
1264,3.500000,1.500000
1265,2.500000,2.500000
1266,2.500000,2.500000
1267,2.500000,2.500000
1268,3.500000,1.500000
1269,3.500000,1.500000
1270,3.500000,1.500000
1271,3.500000,1.500000
1272,2.500000,2.500000
1273,2.500000,2.500000
1274,2.500000,2.500000
1275,3.500000,1.500000
1276,2.500000,2.500000
1277,2.500000,2.500000
1278,2.500000,2.500000
1279,2.500000,2.500000
1280,3.500000,1.500000
1281,2.500000,2.500000
1282,2.500000,2.500000
1283,2.500000,2.500000
1284,2.500000,2.500000
1285,2.500000,2.500000
1286,3.500000,1.500000
1287,2.500000,2.500000
1288,2.500000,2.500000
1289,2.500000,2.500000
1290,2.500000,2.500000
1291,2.500000,2.500000
1292,3.500000,1.500000
1293,2.500000,2.500000
1294,3.500000,1.500000
1295,2.500000,2.500000
1296,2.500000,2.500000
1297,3.500000,1.500000
1298,3.500000,1.500000
1299,3.500000,1.500000
1300,2.500000,2.500000
1301,2.500000,2.500000
1302,2.500000,2.500000
1303,2.500000,2.500000
1304,2.500000,2.500000
1305,3.500000,1.500000
1306,2.500000,2.500000
1307,2.500000,2.500000
1308,2.500000,2.500000
1309,2.500000,2.500000
1310,2.500000,2.500000
1311,3.500000,1.500000
1312,2.500000,2.500000
1313,2.500000,2.500000
1314,2.500000,2.500000
1315,3.500000,1.500000
1316,2.500000,2.500000
1317,3.500000,1.500000
1318,3.500000,1.500000
1319,3.500000,1.500000
1320,3.500000,1.500000
1321,3.500000,1.500000
1322,2.500000,2.500000
1323,3.500000,1.500000
1324,2.500000,2.500000
1325,3.500000,1.500000
1326,3.500000,1.500000
1327,3.500000,1.500000
1328,2.500000,2.500000
1329,3.500000,1.500000
1330,2.500000,2.500000
1331,3.500000,1.500000
1332,3.500000,1.500000
1333,3.500000,1.500000
1334,2.500000,2.500000
1335,2.500000,2.500000
1336,2.500000,2.500000
1337,2.500000,2.500000
1338,2.500000,2.500000
1339,3.500000,1.500000
1340,2.500000,2.500000
1341,2.500000,2.500000
1342,2.500000,2.500000
1343,2.500000,2.500000
1344,2.500000,2.500000
1345,3.500000,1.500000
1346,2.500000,2.500000
1347,2.500000,2.500000
1348,2.500000,2.500000
1349,2.500000,2.500000
1350,2.500000,2.500000
1351,3.500000,1.500000
1352,2.500000,2.500000
1353,2.500000,2.500000
1354,2.500000,2.500000
1355,2.500000,2.500000
1356,2.500000,2.500000
1357,3.500000,1.500000
1358,2.500000,2.500000
1359,2.500000,2.500000
1360,2.500000,2.500000
1361,2.500000,2.500000
1362,2.500000,2.500000
1363,3.500000,1.500000
1364,2.500000,2.500000
1365,2.500000,2.500000
1366,2.500000,2.500000
1367,2.500000,2.500000
1368,2.500000,2.500000
1369,3.500000,1.500000
1370,2.500000,2.500000
1371,2.500000,2.500000
1372,2.500000,2.500000
1373,2.500000,2.500000
1374,2.500000,2.500000
1375,3.500000,1.500000
1376,2.500000,2.500000
1377,2.500000,2.500000
1378,2.500000,2.500000
1379,2.500000,2.500000
1380,2.500000,2.500000
1381,2.500000,2.500000
1382,2.500000,2.500000
1383,2.500000,2.500000
1384,2.500000,2.500000
1385,2.500000,2.500000
1386,2.500000,2.500000
1387,3.500000,1.500000
1388,2.500000,2.500000
1389,2.500000,2.500000
1390,2.500000,2.500000
1391,2.500000,2.500000
1392,2.500000,2.500000
1393,3.500000,1.500000
1394,2.500000,2.500000
1395,2.500000,2.500000
1396,2.500000,2.500000
1397,2.500000,2.500000
1398,2.500000,2.500000
1399,3.500000,1.500000
1400,2.500000,2.500000
1401,2.500000,2.500000
1402,2.500000,2.500000
1403,2.500000,2.500000
1404,2.500000,2.500000
1405,3.500000,1.500000
1406,2.500000,2.500000
1407,2.500000,2.500000
1408,2.500000,2.500000
1409,2.500000,2.500000
1410,3.500000,1.500000
1411,3.500000,1.500000
1412,2.500000,2.500000
1413,2.500000,2.500000
1414,3.500000,1.500000
1415,3.500000,1.500000
1416,2.500000,2.500000
1417,3.500000,1.500000
1418,2.500000,2.500000
1419,2.500000,2.500000
1420,2.500000,2.500000
1421,3.500000,1.500000
1422,2.500000,2.500000
1423,3.500000,1.500000
1424,2.500000,2.500000
1425,2.500000,2.500000
1426,3.500000,1.500000
1427,2.500000,2.500000
1428,2.500000,2.500000
1429,2.500000,2.500000
1430,2.500000,2.500000
1431,2.500000,2.500000
1432,3.500000,1.500000
1433,2.500000,2.500000
1434,2.500000,2.500000
1435,2.500000,2.500000
1436,2.500000,2.500000
1437,2.500000,2.500000
1438,3.500000,1.500000
1439,2.500000,2.500000
1440,3.500000,1.500000
1441,3.500000,1.500000
1442,2.500000,2.500000
1443,3.500000,1.500000
1444,3.500000,1.500000
1445,3.500000,1.500000
1446,2.500000,2.500000
1447,2.500000,2.500000
1448,2.500000,2.500000
1449,2.500000,2.500000
1450,2.500000,2.500000
1451,3.500000,1.500000
1452,2.500000,2.500000
1453,2.500000,2.500000
1454,2.500000,2.500000
1455,3.500000,1.500000
1456,2.500000,2.500000
1457,2.500000,2.500000
1458,3.500000,1.500000
1459,2.500000,2.500000
1460,3.500000,1.500000
1461,3.500000,1.500000
1462,3.500000,1.500000
1463,3.500000,1.500000
1464,3.500000,1.500000
1465,2.500000,2.500000
1466,3.500000,1.500000
1467,3.500000,1.500000
1468,3.500000,1.500000
1469,3.500000,1.500000
1470,2.500000,2.500000
1471,3.500000,1.500000
1472,3.500000,1.500000
1473,3.500000,1.500000
1474,2.500000,2.500000
1475,3.500000,1.500000
1476,2.500000,2.500000
1477,3.500000,1.500000
1478,3.500000,1.500000
1479,3.500000,1.500000
1480,2.500000,2.500000
1481,2.500000,2.500000
1482,2.500000,2.500000
1483,2.500000,2.500000
1484,2.500000,2.500000
1485,3.500000,1.500000
1486,2.500000,2.500000
1487,2.500000,2.500000
1488,2.500000,2.500000
1489,2.500000,2.500000
1490,2.500000,2.500000
1491,3.500000,1.500000
1492,2.500000,2.500000
1493,2.500000,2.500000
1494,2.500000,2.500000
1495,2.500000,2.500000
1496,2.500000,2.500000
1497,3.500000,1.500000
1498,2.500000,2.500000
1499,3.500000,1.500000
1500,2.500000,2.500000
1501,2.500000,2.500000
1502,2.500000,2.500000
1503,2.500000,2.500000
1504,2.500000,2.500000
1505,3.500000,1.500000
1506,2.500000,2.500000
1507,2.500000,2.500000
1508,2.500000,2.500000
1509,2.500000,2.500000
1510,2.500000,2.500000
1511,3.500000,1.500000
1512,2.500000,2.500000
1513,2.500000,2.500000
1514,2.500000,2.500000
1515,2.500000,2.500000
1516,2.500000,2.500000
1517,2.500000,2.500000
1518,2.500000,2.500000
1519,2.500000,2.500000
1520,3.500000,1.500000
1521,3.500000,1.500000
1522,2.500000,2.500000
1523,2.500000,2.500000
1524,2.500000,2.500000
1525,2.500000,2.500000
1526,2.500000,2.500000
1527,3.500000,1.500000
1528,2.500000,2.500000
1529,2.500000,2.500000
1530,2.500000,2.500000
1531,2.500000,2.500000
1532,2.500000,2.500000
1533,3.500000,1.500000
1534,2.500000,2.500000
1535,2.500000,2.500000
1536,2.500000,2.500000
1537,2.500000,2.500000
1538,2.500000,2.500000
1539,3.500000,1.500000
1540,2.500000,2.500000
1541,2.500000,2.500000
1542,2.500000,2.500000
1543,2.500000,2.500000
1544,2.500000,2.500000
1545,3.500000,1.500000
1546,2.500000,2.500000
1547,2.500000,2.500000
1548,2.500000,2.500000
1549,2.500000,2.500000
1550,2.500000,2.500000
1551,3.500000,1.500000
1552,2.500000,2.500000
1553,2.500000,2.500000
1554,2.500000,2.500000
1555,3.500000,1.500000
1556,3.500000,1.500000
1557,2.500000,2.500000
1558,3.500000,1.500000
1559,2.500000,2.500000
1560,3.500000,1.500000
1561,3.500000,1.500000
1562,3.500000,1.500000
1563,3.500000,1.500000
1564,2.500000,2.500000
1565,3.500000,1.500000
1566,2.500000,2.500000
1567,3.500000,1.500000
1568,2.500000,2.500000
1569,2.500000,2.500000
1570,2.500000,2.500000
1571,3.500000,1.500000
1572,2.500000,2.500000
1573,2.500000,2.500000
1574,2.500000,2.500000
1575,2.500000,2.500000
1576,2.500000,2.500000
1577,3.500000,1.500000
1578,2.500000,2.500000
1579,2.500000,2.500000
1580,2.500000,2.500000
1581,2.500000,2.500000
1582,2.500000,2.500000
1583,3.500000,1.500000
1584,2.500000,2.500000
1585,3.500000,1.500000
1586,2.500000,2.500000
1587,3.500000,1.500000
1588,2.500000,2.500000
1589,3.500000,1.500000
1590,3.500000,1.500000
1591,2.500000,2.500000
1592,2.500000,2.500000
1593,2.500000,2.500000
1594,2.500000,2.500000
1595,2.500000,2.500000
1596,3.500000,1.500000
1597,2.500000,2.500000
1598,2.500000,2.500000
1599,2.500000,2.500000
1600,3.500000,1.500000
1601,3.500000,1.500000
1602,2.500000,2.500000
1603,2.500000,2.500000
1604,3.500000,1.500000
1605,2.500000,2.500000
1606,2.500000,2.500000
1607,2.500000,2.500000
1608,2.500000,2.500000
1609,2.500000,2.500000
1610,3.500000,1.500000
1611,2.500000,2.500000
1612,3.500000,1.500000
1613,3.500000,1.500000
1614,3.500000,1.500000
1615,2.500000,2.500000
1616,3.500000,1.500000
1617,2.500000,2.500000
1618,2.500000,2.500000
1619,2.500000,2.500000
1620,3.500000,1.500000
1621,2.500000,2.500000
1622,3.500000,1.500000
1623,3.500000,1.500000
1624,3.500000,1.500000
1625,3.500000,1.500000
1626,3.500000,1.500000
1627,3.500000,1.500000
1628,2.500000,2.500000
1629,2.500000,2.500000
1630,2.500000,2.500000
1631,2.500000,2.500000
1632,2.500000,2.500000
1633,3.500000,1.500000
1634,2.500000,2.500000
1635,2.500000,2.500000
1636,2.500000,2.500000
1637,2.500000,2.500000
1638,2.500000,2.500000
1639,3.500000,1.500000
1640,3.500000,1.500000
1641,2.500000,2.500000
1642,2.500000,2.500000
1643,2.500000,2.500000
1644,3.500000,1.500000
1645,2.500000,2.500000
1646,2.500000,2.500000
1647,2.500000,2.500000
1648,3.500000,1.500000
1649,2.500000,2.500000
1650,3.500000,1.500000
1651,2.500000,2.500000
1652,2.500000,2.500000
1653,2.500000,2.500000
1654,2.500000,2.500000
1655,2.500000,2.500000
1656,3.500000,1.500000
1657,3.500000,1.500000
1658,3.500000,1.500000
1659,3.500000,1.500000
1660,3.500000,1.500000
1661,2.500000,2.500000
1662,2.500000,2.500000
1663,2.500000,2.500000
1664,2.500000,2.500000
1665,2.500000,2.500000
1666,3.500000,1.500000
1667,2.500000,2.500000
1668,2.500000,2.500000
1669,2.500000,2.500000
1670,2.500000,2.500000
1671,2.500000,2.500000
1672,3.500000,1.500000
1673,2.500000,2.500000
1674,2.500000,2.500000
1675,2.500000,2.500000
1676,2.500000,2.500000
1677,2.500000,2.500000
1678,3.500000,1.500000
1679,2.500000,2.500000
1680,2.500000,2.500000
1681,2.500000,2.500000
1682,2.500000,2.500000
1683,2.500000,2.500000
1684,3.500000,1.500000
1685,2.500000,2.500000
1686,2.500000,2.500000
1687,2.500000,2.500000
1688,2.500000,2.500000
1689,2.500000,2.500000
1690,3.500000,1.500000
1691,3.500000,1.500000
1692,3.500000,1.500000
1693,2.500000,2.500000
1694,2.500000,2.500000
1695,2.500000,2.500000
1696,2.500000,2.500000
1697,2.500000,2.500000
1698,3.500000,1.500000
1699,3.500000,1.500000
1700,3.500000,1.500000
1701,3.500000,1.500000
1702,2.500000,2.500000
1703,2.500000,2.500000
1704,2.500000,2.500000
1705,3.500000,1.500000
1706,2.500000,2.500000
1707,2.500000,2.500000
1708,3.500000,1.500000
1709,3.500000,1.500000
1710,2.500000,2.500000
1711,3.500000,1.500000
1712,3.500000,1.500000
1713,2.500000,2.500000
1714,2.500000,2.500000
1715,3.500000,1.500000
1716,2.500000,2.500000
1717,2.500000,2.500000
1718,2.500000,2.500000
1719,2.500000,2.500000
1720,2.500000,2.500000
1721,3.500000,1.500000
1722,2.500000,2.500000
1723,2.500000,2.500000
1724,2.500000,2.500000
1725,2.500000,2.500000
1726,2.500000,2.500000
1727,3.500000,1.500000
1728,2.500000,2.500000
1729,3.500000,1.500000
1730,3.500000,1.500000
1731,2.500000,2.500000
1732,3.500000,1.500000
1733,3.500000,1.500000
1734,3.500000,1.500000
1735,2.500000,2.500000
1736,2.500000,2.500000
1737,2.500000,2.500000
1738,2.500000,2.500000
1739,2.500000,2.500000
1740,3.500000,1.500000
1741,2.500000,2.500000
1742,2.500000,2.500000
1743,2.500000,2.500000
1744,3.500000,1.500000
1745,2.500000,2.500000
1746,2.500000,2.500000
1747,3.500000,1.500000
1748,2.500000,2.500000
1749,3.500000,1.500000
1750,2.500000,2.500000
1751,3.500000,1.500000
1752,3.500000,1.500000
1753,3.500000,1.500000
1754,3.500000,1.500000
1755,3.500000,1.500000
1756,2.500000,2.500000
1757,3.500000,1.500000
1758,3.500000,1.500000
1759,2.500000,2.500000
1760,3.500000,1.500000
1761,3.500000,1.500000
1762,3.500000,1.500000
1763,2.500000,2.500000
1764,3.500000,1.500000
1765,2.500000,2.500000
1766,3.500000,1.500000
1767,3.500000,1.500000
1768,3.500000,1.500000
1769,3.500000,1.500000
1770,3.500000,1.500000
1771,2.500000,2.500000
1772,2.500000,2.500000
1773,2.500000,2.500000
1774,3.500000,1.500000
1775,3.500000,1.500000
1776,3.500000,1.500000
1777,3.500000,1.500000
1778,2.500000,2.500000
1779,2.500000,2.500000
1780,2.500000,2.500000
1781,2.500000,2.500000
1782,3.500000,1.500000
1783,3.500000,1.500000
1784,3.500000,1.500000
1785,3.500000,1.500000
1786,2.500000,2.500000
1787,2.500000,2.500000
1788,2.500000,2.500000
1789,2.500000,2.500000
1790,2.500000,2.500000
1791,3.500000,1.500000
1792,2.500000,2.500000
1793,2.500000,2.500000
1794,2.500000,2.500000
1795,3.500000,1.500000
1796,3.500000,1.500000
1797,3.500000,1.500000
1798,3.500000,1.500000
1799,3.500000,1.500000
1800,2.500000,2.500000
1801,3.500000,1.500000
1802,3.500000,1.500000
1803,3.500000,1.500000
1804,2.500000,2.500000
1805,2.500000,2.500000
1806,2.500000,2.500000
1807,2.500000,2.500000
1808,3.500000,1.500000
1809,3.500000,1.500000
1810,3.500000,1.500000
1811,3.500000,1.500000
1812,2.500000,2.500000
1813,2.500000,2.500000
1814,2.500000,2.500000
1815,2.500000,2.500000
1816,2.500000,2.500000
1817,3.500000,1.500000
1818,2.500000,2.500000
1819,2.500000,2.500000
1820,2.500000,2.500000
1821,2.500000,2.500000
1822,2.500000,2.500000
1823,3.500000,1.500000
1824,2.500000,2.500000
1825,2.500000,2.500000
1826,2.500000,2.500000
1827,2.500000,2.500000
1828,2.500000,2.500000
1829,3.500000,1.500000
1830,3.500000,1.500000
1831,2.500000,2.500000
1832,2.500000,2.500000
1833,2.500000,2.500000
1834,2.500000,2.500000
1835,3.500000,1.500000
1836,2.500000,2.500000
1837,2.500000,2.500000
1838,2.500000,2.500000
1839,2.500000,2.500000
1840,3.500000,1.500000
1841,3.500000,1.500000
1842,3.500000,1.500000
1843,2.500000,2.500000
1844,2.500000,2.500000
1845,3.500000,1.500000
1846,2.500000,2.500000
1847,3.500000,1.500000
1848,3.500000,1.500000
1849,3.500000,1.500000
1850,2.500000,2.500000
1851,3.500000,1.500000
1852,2.500000,2.500000
1853,3.500000,1.500000
1854,3.500000,1.500000
1855,2.500000,2.500000
1856,3.500000,1.500000
1857,2.500000,2.500000
1858,2.500000,2.500000
1859,2.500000,2.500000
1860,2.500000,2.500000
1861,2.500000,2.500000
1862,3.500000,1.500000
1863,2.500000,2.500000
1864,2.500000,2.500000
1865,2.500000,2.500000
1866,2.500000,2.500000
1867,2.500000,2.500000
1868,3.500000,1.500000
1869,2.500000,2.500000
1870,3.500000,1.500000
1871,2.500000,2.500000
1872,2.500000,2.500000
1873,3.500000,1.500000
1874,3.500000,1.500000
1875,3.500000,1.500000
1876,2.500000,2.500000
1877,2.500000,2.500000
1878,2.500000,2.500000
1879,2.500000,2.500000
1880,2.500000,2.500000
1881,3.500000,1.500000
1882,2.500000,2.500000
1883,2.500000,2.500000
1884,2.500000,2.500000
1885,3.500000,1.500000
1886,2.500000,2.500000
1887,2.500000,2.500000
1888,2.500000,2.500000
1889,3.500000,1.500000
1890,2.500000,2.500000
1891,2.500000,2.500000
1892,2.500000,2.500000
1893,2.500000,2.500000
1894,2.500000,2.500000
1895,3.500000,1.500000
1896,2.500000,2.500000
1897,2.500000,2.500000
1898,3.500000,1.500000
1899,2.500000,2.500000
1900,3.500000,1.500000
1901,2.500000,2.500000
1902,2.500000,2.500000
1903,3.500000,1.500000
1904,2.500000,2.500000
1905,3.500000,1.500000
1906,3.500000,1.500000
1907,3.500000,1.500000
1908,2.500000,2.500000
1909,3.500000,1.500000
1910,3.500000,1.500000
1911,3.500000,1.500000
1912,3.500000,1.500000
1913,3.500000,1.500000
1914,2.500000,2.500000
1915,3.500000,1.500000
1916,3.500000,1.500000
1917,3.500000,1.500000
1918,3.500000,1.500000
1919,2.500000,2.500000
1920,2.500000,2.500000
1921,2.500000,2.500000
1922,2.500000,2.500000
1923,3.500000,1.500000
1924,3.500000,1.500000
1925,3.500000,1.500000
1926,3.500000,1.500000
1927,3.500000,1.500000
1928,2.500000,2.500000
1929,2.500000,2.500000
1930,2.500000,2.500000
1931,3.500000,1.500000
1932,3.500000,1.500000
1933,3.500000,1.500000
1934,2.500000,2.500000
1935,2.500000,2.500000
1936,3.500000,1.500000
1937,2.500000,2.500000
1938,2.500000,2.500000
1939,3.500000,1.500000
1940,2.500000,2.500000
1941,3.500000,1.500000
1942,2.500000,2.500000
1943,2.500000,2.500000
1944,3.500000,1.500000
1945,2.500000,2.500000
1946,2.500000,2.500000
1947,2.500000,2.500000
1948,2.500000,2.500000
1949,2.500000,2.500000
1950,3.500000,1.500000
1951,2.500000,2.500000
1952,2.500000,2.500000
1953,2.500000,2.500000
1954,2.500000,2.500000
1955,2.500000,2.500000
1956,3.500000,1.500000
1957,2.500000,2.500000
